y<-c(0.0, 0.0, 0.8, 2.8, 5.466666666666667, 7.866666666666666, 10.2, 12.666666666666666, 14.666666666666666, 16.866666666666667, 18.133333333333333, 19.2, 20.266666666666666, 21.933333333333334, 22.933333333333334, 23.733333333333334, 24.333333333333332, 24.933333333333334, 25.533333333333335, 25.866666666666667, 26.666666666666668, 26.733333333333334, 27.133333333333333, 27.333333333333332, 27.4, 27.733333333333334, 27.8, 27.866666666666667, 28.133333333333333, 28.6, 28.8, 28.933333333333334, 29.0, 29.266666666666666, 29.333333333333332, 29.333333333333332, 29.333333333333332, 29.333333333333332, 29.666666666666668, 29.8, 29.8, 29.8, 29.866666666666667, 29.866666666666667, 29.866666666666667, 29.933333333333334, 29.933333333333334, 30.0, 30.0, 30.0, 30.0, 30.0, 30.066666666666666, 30.066666666666666, 30.066666666666666, 30.066666666666666, 30.066666666666666, 30.066666666666666, 30.066666666666666, 30.066666666666666, 30.066666666666666, 30.066666666666666, 30.066666666666666, 30.066666666666666, 30.066666666666666, 30.066666666666666, 30.066666666666666, 30.066666666666666, 30.066666666666666, 30.066666666666666, 30.066666666666666, 30.066666666666666, 30.066666666666666, 30.066666666666666, 30.066666666666666, 30.066666666666666, 30.066666666666666, 30.066666666666666, 30.066666666666666, 30.066666666666666, 30.066666666666666, 30.066666666666666, 30.066666666666666, 30.066666666666666, 30.066666666666666, 30.066666666666666, 30.066666666666666, 30.066666666666666, 30.066666666666666, 30.066666666666666, 30.066666666666666, 30.066666666666666, 30.066666666666666, 30.066666666666666, 30.066666666666666, 30.066666666666666, 30.066666666666666, 30.066666666666666, 30.066666666666666, 30.066666666666666, 30.066666666666666, 30.066666666666666, 30.066666666666666, 30.066666666666666, 30.066666666666666, 30.066666666666666, 30.066666666666666)

y2<-c(0, 0, 0.948259, 3.73685, 6.38849, 8.77568, 10.7849, 12.3732, 13.95, 15.1722, 16.1089, 16.8226, 17.3655, 17.7789, 18.0947, 18.337, 18.5237, 18.6682, 18.7804, 18.8678, 18.9361, 18.9894, 19.0312, 19.064, 19.0896, 19.1097, 19.1255, 19.1379, 19.1475, 19.1551, 19.161, 19.1657, 19.1693, 19.1721, 19.1743, 19.176, 19.1774, 19.1784, 19.1792, 19.1799, 19.1804, 19.1808, 19.1811, 19.1813, 19.1815, 19.1816, 19.1817, 19.1818, 19.1819, 19.1819, 19.182, 19.182, 19.182, 19.182, 19.182, 19.182, 19.182, 19.182, 19.182, 19.182, 19.182, 19.182, 19.182, 19.182, 19.182, 19.182, 19.182, 19.182, 19.182, 19.182, 19.182, 19.182, 19.182, 19.182, 19.182, 19.182, 19.182, 19.182, 19.182, 19.182, 19.182, 19.182, 19.182, 19.182, 19.182, 19.182, 19.182, 19.182, 19.182, 19.182, 19.182, 19.182, 19.182, 19.182, 19.182, 19.182, 19.182, 19.182, 19.182, 19.182, 19.182, 19.182, 19.182, 19.182, 19.182, 19.182, 19.182, 19.182, 19.182, 19.182, 19.182, 19.182)

x2<-0:(length(y2)-1)

of="bridgeTime.pdf"

pdf(file=of, height=7.5, width=8.2, paper='special')
par(mar=c(4.4,7.5,2,1))

plot(1, type="n",xlab="Iteration", ylab=expression("Number of bridge nodes"), xlim=c(0, 80), ylim=c(0,45), cex.lab=2.8, cex.axis=2)
box(lwd=1)

#theory
lines(x2, y2, col='blue', lwd=3)

#simulation
points(0:(length(y)-1), y ,col='red', type="o",pch=15)

legend("bottomright", legend = c("theory", "T=12"),
               lty = c(1, 1), pch=c(30,15), col=c("blue", "red"), lwd=c(3,3), inset=0.08, cex=2.9, bty="n",pt.cex=3)

dev.off()
