y<-c(0.0, 0.0, 0.8, 2.8, 5.466666666666667, 7.866666666666666, 10.2, 12.666666666666666, 14.666666666666666, 16.866666666666667, 18.133333333333333, 19.2, 20.266666666666666, 21.933333333333334, 22.933333333333334, 23.733333333333334, 24.333333333333332, 24.933333333333334, 25.533333333333335, 25.866666666666667, 26.666666666666668, 26.733333333333334, 27.133333333333333, 27.333333333333332, 27.4, 27.733333333333334, 27.8, 27.866666666666667, 28.133333333333333, 28.6, 28.8, 28.933333333333334, 29.0, 29.266666666666666, 29.333333333333332, 29.333333333333332, 29.333333333333332, 29.333333333333332, 29.666666666666668, 29.8, 29.8, 29.8, 29.866666666666667, 29.866666666666667, 29.866666666666667, 29.933333333333334, 29.933333333333334, 30.0, 30.0, 30.0, 30.0, 30.0, 30.066666666666666, 30.066666666666666, 30.066666666666666, 30.066666666666666, 30.066666666666666, 30.066666666666666, 30.066666666666666, 30.066666666666666, 30.066666666666666, 30.066666666666666, 30.066666666666666, 30.066666666666666, 30.066666666666666, 30.066666666666666, 30.066666666666666, 30.066666666666666, 30.066666666666666, 30.066666666666666, 30.066666666666666, 30.066666666666666, 30.066666666666666, 30.066666666666666, 30.066666666666666, 30.066666666666666, 30.066666666666666, 30.066666666666666, 30.066666666666666, 30.066666666666666, 30.066666666666666, 30.066666666666666, 30.066666666666666, 30.066666666666666, 30.066666666666666, 30.066666666666666, 30.066666666666666, 30.066666666666666, 30.066666666666666, 30.066666666666666, 30.066666666666666, 30.066666666666666, 30.066666666666666, 30.066666666666666, 30.066666666666666, 30.066666666666666, 30.066666666666666, 30.066666666666666, 30.066666666666666, 30.066666666666666, 30.066666666666666, 30.066666666666666, 30.066666666666666, 30.066666666666666, 30.066666666666666, 30.066666666666666, 30.066666666666666)

y2<-c(0, 0, 1, 3, 3, 3, 3, 3, 3, 3, 3, 3, 3, 3, 3, 3, 3, 3, 3, 3, 3, 3, 3, 3, 3, 3, 3, 3, 3, 3, 3, 3, 3, 3, 3, 3, 3, 3, 3, 3, 3, 3, 3, 3, 3, 3, 3, 3, 3, 3, 3, 3, 3, 3, 3, 3, 3, 3, 3, 3, 3, 3, 3, 3, 3, 3, 3, 3, 3, 3, 3, 3, 3, 3, 3, 3, 3, 3, 3, 3, 3, 3, 3, 3, 3, 3, 3, 3, 3, 3, 3, 3, 3, 3, 3, 3, 3, 3, 3, 3, 3, 3, 3, 3, 3, 3, 3, 3, 3, 3, 3, 3, 3, 3, 3, 3, 3, 3, 3, 3, 3, 3, 3, 3, 3, 3, 3, 3, 3, 3, 3, 3, 3, 3, 3, 3, 3, 3, 3, 3, 3, 3, 3, 3, 3, 3, 3, 3, 3, 3, 3, 3, 3, 3, 3, 3, 3, 3, 3, 3, 3, 3, 3, 3, 3, 3, 3, 3, 3, 3, 3, 3, 3, 3, 3, 3, 3, 3, 3, 3, 3, 3, 3, 3, 3, 3, 3, 3, 3, 3, 3, 3, 3, 3, 3, 3, 3, 3, 3, 3, 3, 3, 3, 3, 3, 3, 3, 3, 3, 3, 3, 3, 3, 3, 3, 3, 3, 3, 3, 3, 3, 3, 3, 3, 3, 3, 3, 3, 3, 3, 3, 3, 3, 3, 3, 3, 3, 3, 3, 3, 3, 3, 3, 3, 3, 3, 3, 3, 3, 4, 4, 4, 4, 4, 4, 4, 4, 4, 4, 4, 4, 4, 5, 5, 5, 5, 5, 5, 5, 5, 5, 5, 5, 6, 6, 6, 6, 6, 6, 6, 7, 7, 7, 7, 7, 7, 7, 7, 7, 7, 7, 7, 7, 7, 7, 7, 7, 7, 7, 7, 7, 7, 7, 7, 7, 7, 7, 7, 7, 7, 7, 7, 7, 7, 7, 7, 7, 7, 7, 7, 8, 8, 8, 8, 8, 8, 8, 8, 8, 8, 8, 8, 8, 8, 8, 8, 8, 8, 9, 9, 9, 9, 9, 10, 10, 10, 11, 11, 11, 11, 12, 12, 12, 12, 12, 12, 12, 12, 12, 12, 12, 12, 12, 12, 12, 12, 12, 12, 12, 12, 12, 12, 12, 12, 12, 12, 12, 12, 12, 12, 13, 13, 13, 13, 13, 13, 13, 13, 13, 13, 13, 13, 13, 13, 13, 13, 13, 13, 13, 13, 13, 13, 13, 14, 14, 14, 14, 14, 14, 14, 14, 14, 14, 14, 14, 14, 14, 14, 14, 14, 14, 14, 14, 14, 15, 16, 16, 17, 17, 17, 17, 17, 17, 17, 17, 17, 17, 18, 18, 18, 19, 19, 19, 19, 19, 19, 19, 19, 19, 19, 19, 19, 19, 19, 19, 19, 19, 19, 19, 19, 19, 19, 20, 21, 21, 21, 21, 21, 21, 21, 22, 22, 22, 22, 22, 23, 23, 24, 24, 24, 24, 24, 25, 25, 26, 26, 26, 26, 26, 27, 27, 27, 27, 28, 28, 29, 30, 30, 30, 30, 30, 30, 30, 31, 31, 31, 31, 31, 31, 31, 31, 31, 32, 32, 32, 32, 32, 32, 33, 33, 34, 35, 35, 35, 35, 35, 35, 35, 35, 35, 35, 35, 35, 35, 35, 35, 35, 35, 36, 36, 36, 36, 36, 36, 36, 36, 36, 36, 36, 37, 37, 37, 37, 37, 37, 38, 38, 38, 38, 38, 38, 38, 38, 38, 38, 39, 39, 39, 39, 39, 39, 39, 39, 39, 40, 40, 41, 41, 41, 41, 41, 41, 41, 41, 41, 41, 41, 41, 42, 43, 44, 44, 44, 44, 44, 45, 45, 45, 45, 45, 45, 45, 45, 45, 45, 45, 45, 45, 45, 45, 45, 45, 45, 45, 46, 46, 46, 46, 46, 46, 46, 47, 47, 47, 47, 47, 48, 49, 50, 50, 50, 50, 51, 51, 51, 52, 52, 52, 52, 52, 52, 52, 53, 53, 53, 54, 54, 54, 54, 54, 54, 54, 54, 54, 54, 55, 55, 55, 55, 55, 55, 56, 56, 56, 56, 57, 57, 58, 59, 59, 60, 60, 60, 61, 61, 61, 61, 62, 63, 63, 63, 63, 63, 64, 64, 64, 65, 65, 65, 66, 66, 66, 67, 68, 68, 68, 68, 68, 68, 68, 68, 69, 69, 70, 71, 72, 72, 72, 72, 72, 72, 72, 73, 73, 74, 75, 75, 75, 75, 75, 76, 76, 76, 76, 76, 76, 76, 77, 78, 79, 79, 80, 80, 80, 80, 80, 80, 81, 81, 81, 81, 82, 82, 82, 82, 82, 82, 83, 83, 83, 83, 83, 83, 83, 84, 85, 86, 86, 86, 86, 86, 86, 87, 88, 88, 88, 88, 88, 88, 89, 89, 89, 89, 90, 90, 90, 90, 90, 91, 91, 91, 91, 91, 91, 92, 92, 92, 93, 93, 93, 94, 95, 96, 96, 96, 96, 97, 97, 97, 97, 98, 99, 99, 99, 100, 100, 100, 100, 101, 102, 102, 102, 103, 103, 104, 104, 104, 104, 105, 105, 105, 105, 107, 108, 108, 108, 109, 109, 110, 110, 110, 111, 112, 113, 113, 114, 114, 114, 114, 115, 116, 116, 116, 116, 117, 118, 119, 119, 119, 119, 119, 119, 119, 119, 119, 119, 120, 120, 120, 120, 120, 120, 120, 120, 120, 121, 122, 122, 122, 122, 122, 122, 122, 123, 124, 124, 124, 124, 126, 126, 126, 127, 127, 127, 128, 128, 128, 128, 128, 128, 128, 128, 128, 128, 128, 128, 128, 128, 128, 128, 128, 128, 128, 129, 129, 129, 129, 129, 130, 130, 130, 130, 130, 130, 130, 130, 130, 132, 132, 134, 134, 134, 134, 134, 134, 134, 136, 136, 136, 136, 136, 136, 137, 137, 137, 137, 137, 138, 138, 138, 139, 139, 139, 139, 139, 139, 139, 140, 140, 141, 142, 142, 142, 142, 142, 142, 142, 143, 143, 143, 143, 143, 143, 143, 144, 144, 144, 144, 145, 146, 146, 146, 146, 147, 147, 148, 149, 149, 149, 151, 151, 152, 153, 155, 155, 156, 156, 156, 156, 156, 157, 157, 158, 158, 158, 159, 159, 159, 159, 159, 160)

x2<-0:(length(y2)-1)

of="bridgeTime.pdf"

pdf(file=of, height=7.5, width=8.2, paper='special')
par(mar=c(4.4,7.5,2,1))

plot(1, type="n",xlab="Iteration", ylab=expression("Number of bridge nodes"), xlim=c(0, 5000), ylim=c(0,250), cex.lab=2.8, cex.axis=2)
box(lwd=1)

#theory
lines(x2, y2, col='blue', lwd=3)

#simulation
#points(0:(length(y)-1), y ,col='red', type="o",pch=15)

#legend("bottomright", legend = c("theory", "T=12"),
#               lty = c(1, 1), pch=c(30,15), col=c("blue", "red"), lwd=c(3,3), inset=0.08, cex=2.9, bty="n",pt.cex=3#)

dev.off()
